6 15 15 15 15 6 15 15 0 15 15 15 15 15 15 6
15 15 15 6 15 15 15 15 0 6 15 15 15 15 15 15
15 15 15 15 15 15 15 0 0 0 15 15 15 6 15 15
15 6 15 15 15 15 0 0 0 0 0 15 15 15 15 15
15 15 15 15 15 7 0 0 0 0 7 15 15 6 15 15
15 15 15 15 0 0 0 0 0 0 0 0 15 15 15 15
15 15 6 15 7 0 0 0 0 0 0 7 15 15 15 15
15 15 15 0 0 0 0 0 0 0 0 0 0 15 15 15
15 15 15 7 0 0 0 0 0 0 0 0 7 15 15 15
15 15 0 0 0 0 0 0 0 0 0 0 0 0 15 15
15 15 7 0 0 0 0 0 0 0 0 0 0 7 15 15
15 0 0 0 0 0 0 0 0 0 0 0 0 0 0 15
15 7 0 0 0 0 0 0 0 0 0 0 0 0 7 15
0 0 0 0 0 0 0 0 0 0 0 0 0 0 0 0
15 15 15 15 15 15 15 0 0 15 15 15 15 15 15 15
11 11 11 11 11 11 11 11 11 11 11 11 11 11 11 11